version https://git-lfs.github.com/spec/v1
oid sha256:4ba30f3f21d353c8c108d5eec366765eec3536175a08a2639dd4af9b94d47a1b
size 1262
