version https://git-lfs.github.com/spec/v1
oid sha256:133157d46aa3d039588be740f490131fbfda7d9c796b9575590214d07dd2cadc
size 12282
