version https://git-lfs.github.com/spec/v1
oid sha256:8a0dac9a439c9b68516f4a937afb448a81011f578b29d72036cba1769b1ae36b
size 4416
