version https://git-lfs.github.com/spec/v1
oid sha256:0e632de1c20f623985913df9b28fd027e1a5d320735ae855e4e6e1e2556cf381
size 38236
